- id: 1
  name: Test Category 1
  created_at: 2018-07-06 10:33:03.134971287+09:00
  updated_at: 2018-07-06 10:33:03.134971287+09:00
- id: 2
  name: Test Category 2
  created_at: 2018-07-06 10:33:03.134971287+09:00
  updated_at: 2018-07-06 10:33:03.134971287+09:00