- id: 1
  name: Test Sound 1
  path: data/test/sound1.dca
  category_id: 1
  created_at: 2018-07-06 10:33:03.134971287+09:00
  updated_at: 2018-07-06 10:33:03.134971287+09:00
- id: 2
  name: Test Sound 2
  path: data/test/sound2.dca
  category_id: 1
  created_at: 2018-07-06 10:33:03.134971287+09:00
  updated_at: 2018-07-06 10:33:03.134971287+09:00